Height: 74 ,Weight: 210 ,BMI: 26.95946, DATE: 8/6/2018 6:27:15 PM
Height: 74 ,Weight: 210 ,BMI: 26.95946, DATE: 8/6/2018 6:27:31 PM
Height: 74 ,Weight: 210 ,BMI: 26.95946, DATE: 8/8/2018 6:10:22 PM
