Height: 73.5327 ,Weight: 139.45 ,BMI: 18.13063, DATE: 8/10/2018 9:32:03 AM
Height: 73.5327 ,Weight: 190.93 ,BMI: 24.82381, DATE: 8/10/2018 9:32:13 AM
Height: 75.67377 ,Weight: 207.85 ,BMI: 25.51612, DATE: 8/10/2018 9:32:57 AM
Height: 73.4336 ,Weight: 189.14 ,BMI: 24.6575, DATE: 8/10/2018 9:33:51 AM
